duckface1 2.11 4.75 0.00 4.37 0.00 0.00 0.00 0.00 0.00 0.00 0.00 0.00 0.00 0.00 0.86 0.24 0.00
duckface2 1.72 0.70 1.99 0.55 0.00 0.00 0.00 0.00 0.31 0.00 0.50 0.71 0.00 0.00 0.00 0.09 0.00
duckface3 0.28 0.13 0.49 0.00 0.01 0.46 0.00 1.11 0.77 0.00 0.00 0.00 0.00 0.00 2.84 0.00 0.00
duckface4 2.93 2.76 0.00 2.07 0.73 0.30 0.00 0.20 0.94 0.00 0.50 1.47 0.00 0.00 0.15 0.00 0.26
duckface5 1.28 0.86 0.00 0.00 0.00 1.15 0.51 0.00 0.00 0.00 0.61 0.00 0.00 0.00 0.00 0.00 0.00
frown1 2.68 2.22 0.47 1.14 0.00 0.70 0.00 0.00 0.00 0.00 1.20 1.40 0.22 0.50 0.58 1.68 0.00
frown2 0.00 0.00 2.04 0.30 0.00 1.86 0.74 0.42 0.00 0.51 0.64 1.12 1.05 0.47 0.00 0.43 0.70
frown3 1.16 0.44 2.03 0.00 0.00 0.46 0.14 0.11 0.00 0.94 0.00 0.00 0.00 0.00 1.52 2.37 0.00
frown4 0.14 1.47 0.00 0.52 0.47 0.00 0.03 0.91 0.09 1.11 1.34 1.07 0.00 1.77 2.05 0.00 0.31
frown5 1.90 2.18 0.33 2.65 0.00 0.00 0.00 0.00 0.00 1.01 0.86 0.48 0.79 0.00 0.28 0.30 0.00
laugh1 0.23 0.84 0.00 0.27 1.42 1.85 0.05 1.79 2.81 0.72 0.00 0.00 0.00 0.00 2.02 0.00 0.69
laugh2 0.00 0.00 0.00 0.00 2.19 3.50 0.61 1.63 2.93 0.69 0.00 0.00 0.00 0.00 2.20 0.97 0.00
laugh3 0.31 0.00 0.00 0.03 2.48 2.76 0.00 0.70 3.49 0.94 0.00 0.00 0.56 0.00 2.52 1.30 0.00
laugh4 0.41 0.28 0.00 0.00 2.19 2.10 0.51 1.59 2.84 1.64 0.00 0.05 0.00 0.19 1.68 0.08 0.00
laugh5 0.00 0.00 0.00 0.00 1.29 0.42 0.00 0.98 3.81 0.45 0.00 0.00 0.05 0.00 2.58 1.17 0.51
lmao1 0.04 0.00 0.00 0.00 2.96 2.97 0.69 2.61 2.85 2.14 0.31 0.00 0.00 1.23 3.50 0.00 0.31
lmao2 1.19 2.32 0.00 0.00 1.83 0.88 0.95 2.71 2.51 1.58 0.00 1.00 0.00 1.56 2.71 2.46 0.70
lmao3 0.89 0.00 0.17 0.00 3.13 2.74 1.34 3.07 3.20 1.66 0.53 0.00 0.00 0.00 3.46 0.34 0.45
lmao4 0.45 0.00 0.00 0.00 2.28 2.95 0.66 1.73 2.88 1.32 0.00 0.00 0.58 0.00 3.80 1.58 0.17
lmao5 0.50 0.00 0.87 0.00 3.03 5.00 2.70 2.24 1.81 1.98 0.00 0.00 0.00 0.00 2.52 2.09 0.00
raiseeyebrows1 0.77 1.09 0.77 1.96 0.00 0.00 0.54 0.00 0.00 0.24 1.42 0.65 0.00 0.44 0.00 0.00 0.00
raiseeyebrows2 1.97 2.46 0.00 1.35 0.09 0.00 0.00 0.46 0.58 0.08 0.00 0.00 0.00 0.00 2.42 2.76 0.00
raiseeyebrows3 2.66 3.09 0.00 0.67 0.00 1.20 0.00 0.81 0.80 0.00 0.00 0.00 0.00 0.00 1.86 1.72 0.00
raiseeyebrows4 0.77 1.82 0.00 2.91 0.00 0.00 0.00 0.00 0.00 0.00 0.04 0.00 0.00 0.00 1.49 2.74 0.05
raiseeyebrows5 2.49 1.91 0.00 0.60 0.00 0.00 0.00 0.53 0.43 1.09 0.00 1.13 0.83 0.00 0.00 0.24 0.00
smile1 1.32 1.52 0.00 0.49 1.25 0.00 0.00 1.56 0.59 0.05 0.00 1.94 0.52 1.48 0.00 1.71 0.01
smile2 1.08 0.00 0.00 1.01 0.68 0.00 0.00 0.33 1.43 2.69 0.00 0.02 0.54 0.01 0.72 0.51 0.00
smile3 0.36 0.00 1.87 0.11 2.82 4.32 1.78 2.25 1.25 1.41 0.50 1.36 0.67 0.54 0.00 0.43 0.00
smile4 0.00 0.00 0.00 0.47 0.08 0.96 0.00 0.00 1.41 1.22 0.00 0.00 0.68 0.00 0.33 0.00 0.00
smile5 3.14 1.53 0.00 0.00 0.54 0.00 0.00 0.72 1.33 2.30 0.00 0.69 1.08 0.17 0.00 0.00 0.49
unhappy1 0.24 0.00 1.13 0.00 0.00 1.52 0.00 0.00 0.00 0.00 1.62 1.06 0.00 0.00 0.00 0.10 0.13
unhappy2 0.00 0.00 2.42 0.00 0.16 0.00 0.69 0.11 0.00 1.01 1.49 1.54 1.10 0.00 0.00 0.86 0.00
unhappy3 1.27 0.70 2.40 0.74 0.00 1.25 0.00 0.27 0.00 0.00 0.91 0.55 0.00 0.00 0.00 0.30 0.00
unhappy4 0.11 0.00 0.07 0.00 0.30 0.39 0.16 1.16 0.33 0.00 0.98 0.00 0.49 0.00 0.83 1.05 0.00
unhappy5 1.98 1.39 0.00 0.00 0.25 0.83 0.36 1.92 0.00 0.00 3.16 1.83 0.59 0.00 0.00 0.06 0.60
other1 1.30 1.53 1.33 0.98 0.15 1.02 0.00 0.00 0.00 0.00 0.00 0.99 0.32 0.42 0.00 0.51 0.19
other2 1.45 2.67 0.00 2.90 0.00 0.00 0.00 0.47 0.76 0.41 0.42 0.12 0.00 0.00 0.84 1.70 0.00
other3 0.70 0.00 1.79 1.83 0.28 0.58 1.52 0.75 0.00 0.00 0.28 0.22 0.00 0.04 0.00 0.00 0.00
sample5 0.00 0.84 0.17 3.45 0.00 0.00 0.29 0.00 0.00 0.00 0.22 0.00 0.61 0.00 2.84 1.15 0.00